(6,5,13) != (1,1,0)
(13,5,14) != (0,1,0)
(3,2,17) != (1,1,0)
(5,14,18) != (0,0,1)
(1,4,13) != (0,0,1)
(1,7,13) != (1,0,1)
(3,2,11) != (0,1,0)
(10,12,18) != (0,0,0)
(19,1,18) != (1,1,0)
(2,15,3) != (0,0,0)
(18,8,19) != (0,0,0)
(16,17,1) != (1,0,0)
(4,3,4) != (1,0,0)
(19,6,6) != (0,1,1)
(2,14,3) != (0,1,1)
(6,11,9) != (0,0,0)
(5,14,4) != (1,1,1)
(12,7,6) != (0,0,0)
(7,5,15) != (1,1,1)
(7,9,3) != (1,1,0)
(8,15,5) != (1,1,0)
(2,18,14) != (0,1,1)
(5,12,12) != (1,1,0)
(14,13,9) != (1,1,0)
(19,15,7) != (1,0,0)
(2,9,7) != (1,1,0)
(19,5,8) != (0,1,0)
(1,8,15) != (1,0,0)
(13,16,17) != (1,0,1)
(4,3,6) != (1,1,1)
(6,7,3) != (0,1,1)
(18,14,20) != (0,0,0)
(13,16,17) != (0,1,0)
(10,10,6) != (0,0,0)
(12,14,6) != (0,0,0)
(16,18,17) != (0,1,1)
(7,12,16) != (1,1,0)
(4,15,11) != (1,1,0)
(2,4,8) != (1,0,0)
(1,9,18) != (1,1,1)
(17,8,18) != (0,1,1)
(13,10,16) != (0,1,0)
(18,9,11) != (1,0,0)
(19,3,18) != (1,1,1)
(14,13,4) != (0,1,1)
(19,6,13) != (1,0,1)
(6,20,4) != (0,0,0)
(4,6,10) != (1,1,1)
(2,11,14) != (1,1,0)
(6,19,1) != (0,1,1)
(4,14,1) != (0,0,1)
(16,7,13) != (0,0,1)
(2,15,7) != (1,0,1)
(7,4,16) != (0,0,0)
(9,15,3) != (0,0,0)
(9,10,18) != (1,1,1)
(11,8,20) != (1,0,0)
(19,16,12) != (0,0,0)
(1,7,6) != (1,1,1)
(4,15,1) != (0,1,0)
(17,6,6) != (0,1,0)
(15,20,5) != (0,0,1)
(15,4,20) != (0,1,0)
(8,4,15) != (1,1,1)
(16,16,7) != (1,1,1)
(10,1,20) != (0,0,1)
(1,14,1) != (0,0,0)
(4,5,8) != (0,0,1)
(6,15,9) != (1,0,0)
(10,18,9) != (1,0,0)
(17,11,16) != (1,0,0)
(6,17,9) != (0,1,0)
(10,3,10) != (1,1,1)
(2,17,16) != (0,1,1)
(17,5,6) != (0,1,1)
(14,3,10) != (1,0,0)
(7,7,6) != (0,0,0)
(11,18,13) != (0,0,0)
(6,6,1) != (1,0,0)
(12,17,7) != (0,1,1)